2.1207,2.3203,2.288,-3.9555,0.63474,5.5398,-5.0611,-6.1795,1
3.143,3.3609,4.7781,1.1131,1.2998,8.1196,-0.34383,-0.98546,2
2.7984,3.4413,8.354,-1.9282,-0.61697,6.208,-0.88906,-5.13,2
2.7159,5.3785,5.4368,0.049969,2.7012,5.8404,-1.7076,-2.3459,2
2.6894,5.7857,1.3417,5.4783,0.44943,8.1784,9.0797,-4.206,2
1.1275,1.8955,4.8575,-0.23672,0.2214,5.781,0.6178,-7.4644,2
6.9238,8.6843,9.6171,3.2504,-0.41583,5.5,4.3619,-5.0723,2
0.75321,1.2944,0.83318,-3.8642,-2.8376,3.8473,-8.1934,-5.8388,1
0.34385,3.3765,3.8464,-2.2932,-2.4195,4.7784,-1.788,-5.8499,1
2.8371,3.6077,7.7305,1.1,1.3439,8.0244,0.16124,-3.5953,2
2.1043,3.973,4.4604,-1.1893,-0.43846,5.3274,-4.6858,-0.34554,1
3.7574,7.0481,6.806,0.09032,1.495,3.5688,-1.243,-7.7752,2
2.0213,4.0725,7.4871,1.3318,0.4003,3.4572,-4.5275,-6.5301,2
1.1999,0.76791,-3.1392,-2.8257,-2.2948,5.2966,-6.8915,-4.6071,1
3.9657,3.9113,6.3047,1.0988,1.7674,7.211,-2.998,-5.6628,2
1.0293,0.7369,1.3681,-1.5498,-1.583,5.2858,-3.4451,-11.249,1
3.2841,7.4209,1.3702,1.9201,2.7812,6.8384,-3.8085,0.46711,2
1.9602,4.0712,-1.3718,-1.3267,2.6948,7.4662,-5.731,3.8942,2
1.838,4.4729,6.7202,2.4624,3.1248,8.1279,-4.4838,-2.4568,2
4.2247,1.257,5.8932,0.76652,-0.099774,6.7212,-3.9341,-5.818,2
2.5641,6.044,2.4266,-0.65922,-1.3079,4.1451,-2.7841,-4.4734,2
2.8786,9.4378,5.8433,-0.38361,3.0257,3.4298,-2.8013,-4.0527,2
1.4108,2.6326,6.4238,-3.376,0.89825,5.2374,-2.8208,-7.0751,2
0.90085,4.9724,5.0601,1.6986,1.9181,6.7796,-0.16315,-3.3987,2
4.7714,6.3257,13.361,-0.012834,0.58139,5.944,-1.4532,-4.5813,2
2.5131,4.7038,2.7264,-0.12624,-0.50751,3.2076,-4.9175,-4.2983,2
2.7178,2.6115,5.1036,-4.46,-1.402,5.9241,-5.6354,-2.1369,2
0.3527,0.80112,0.43599,-0.53792,0.5462,8.3658,-4.4941,-5.5301,2
3.5947,2.2805,7.5404,1.0899,-1.4752,5.7383,-8.1159,-2.0393,2
-0.29723,1.4913,0.42789,-4.2286,-4.1776,2.9346,-6.2068,-3.1573,1
5.6127,6.0679,7.6723,-3.153,2.6285,10.525,-5.5293,2.0208,2
3.7268,6.2662,8.9063,-2.8273,-0.90352,4.9515,-5.5803,-5.6459,2
1.5546,1.2101,0.8569,-0.094312,-0.55964,2.5171,-5.0342,-7.8471,1
4.298,0.6109,7.834,-1.0032,-4.6432,3.5656,-3.7934,-8.5557,2
4.455,3.1168,4.5078,0.7281,-2.8559,5.8405,-6.9604,-5.2194,2
4.5957,2.4739,5.7432,-1.6557,-0.66666,5.3154,-0.76086,0.87632,2
3.6272,3.0823,3.0108,2.3916,-1.8163,8.3689,-4.5798,-2.2352,2
0.049723,2.6884,5.1758,-1.8729,-2.7353,5.8891,-2.0801,-10.604,1
1.2551,2.7627,4.1875,-0.53546,-1.9512,4.7876,-3.8029,-3.3681,1
1.3171,5.9261,-0.50838,-1.6078,2.034,5.5396,-7.6431,-7.1391,2
1.8562,3.0926,8.0156,-3.2965,-1.7615,5.3131,-1.8493,-3.9634,1
0.93811,2.8831,6.8931,1.8603,-2.6978,10.467,2.6536,-6.6922,2
1.3704,2.7363,6.5224,-2.1665,-0.70717,4.4054,-4.5416,-8.9148,1
2.0877,5.2229,4.8541,-2.629,0.86268,3.8141,-4.991,-6.6501,1
1.1048,5.71,6.4819,2.1884,1.3117,7.0337,-1.918,-8.7166,2
0.83034,3.3708,4.6386,3.2787,-0.86869,2.4518,-3.5541,-3.5512,1
0.38056,7.7918,4.9033,0.53497,4.5527,7.4361,-4.8924,-0.50706,2
0.70141,3.2563,0.85673,-3.3675,-0.45281,2.9058,-7.9715,-8.3132,1
2.9728,-1.97,2.5696,-3.8058,-2.453,5.8675,-3.2897,-10.254,1
2.9928,6.5418,5.7977,2.0644,-2.4162,4.8866,-5.3659,-2.2459,2
-0.39956,6.8362,5.6449,0.2086,-1.4537,4.2071,-5.2675,0.52941,1
0.92532,3.4104,6.3232,-0.68912,-2.2696,3.2413,-1.9837,-5.207,1
3.9397,0.57586,0.39844,1.3547,-3.7435,5.6274,-5.2004,-2.0257,2
2.096,2.251,9.3538,3.1016,-2.1045,6.2157,-1.728,-6.4854,2
1.6502,7.5692,8.15,-1.3892,-0.48279,3.7335,-9.2376,-9.1674,2
-0.070395,4.9676,0.41453,-2.4509,-0.60842,6.1219,-5.4653,-7.8621,2
0.036656,2.6622,3.1954,-3.2892,-1.3766,5.1687,-0.34875,-4.7129,1
1.3287,4.2945,2.4319,0.55781,1.5678,3.9016,-5.9552,-3.4936,1
1.6352,3.3664,4.5548,-3.0242,0.044167,4.7073,-2.7829,-1.7417,1
1.3815,3.2173,2.682,0.48347,0.17466,4.834,-5.7315,-7.9095,2
0.30256,2.5484,1.5305,-0.33064,-1.3486,4.4256,-3.6345,-1.1912,2
2.2363,0.9561,7.6853,3.7941,-1.3732,6.8858,-4.8399,-3.8019,2
1.7565,5.5296,1.1151,2.2454,0.2801,5.9553,-1.0432,-6.2311,2
5.8207,7.7355,11.127,4.5225,5.9946,9.4292,1.2991,0.35894,2
4.0803,5.2514,8.239,3.1858,1.3318,5.8508,0.15637,-7.5065,2
6.1657,7.1367,7.0983,0.86642,3.1607,7.6837,-1.919,-3.2077,2
1.6901,7.6096,5.8193,1.0588,3.8895,5.9093,0.98862,-2.5564,2
1.1172,2.4133,3.5981,-0.36303,-1.1773,3.0461,-4.1329,-3.6025,1
5.1072,7.1096,9.758,5.2471,-0.157,8.0233,2.9305,3.4175,2
2.7408,4.3216,5.5318,-1.368,1.0131,5.8026,-4.0419,-1.344,1
2.2471,2.3111,2.4594,-3.8984,-1.7797,3.8873,-6.6929,-8.0812,2
1.7695,3.9655,3.4431,-1.079,-0.82372,2.7398,-5.8593,-4.3134,1
1.2606,1.7231,3.8901,-0.1962,-3.3895,5.7461,-2.0633,-2.1731,1
2.6635,0.80015,-2.1715,1.837,-3.2836,6.0889,3.1567,-3.0599,2
2.7735,1.0389,0.088099,-0.20032,-0.71171,5.8971,-4.6815,-6.2063,1
5.1737,3.6542,4.2879,3.1403,-0.075241,4.5151,-2.424,-2.7479,2
4.036,2.3909,6.5848,-2.4732,-2.9283,4.8846,-1.5833,-4.3115,2
2.2397,3.2642,1.7886,-0.67385,-1.4044,6.5428,-4.6066,-10.103,2
0.39963,4.9432,0.32036,-0.65092,1.783,5.4143,-3.1178,-2.7356,2
0.48123,1.4869,2.0985,2.715,-0.81158,7.7652,-3.5972,-8.0699,2
4.3248,6.7399,3.5441,-0.36243,-1.3104,3.3782,-4.0556,-9.9047,2
0.64393,3.3898,8.746,0.91361,-1.7835,3.7746,-2.5964,0.86738,1
1.7545,5.6543,2.7825,3.7139,0.10397,7.2131,-0.56526,-5.3465,2
5.0352,5.5721,6.7737,0.072925,2.7102,7.8043,-5.684,1.1258,2
2.0103,1.232,0.40581,1.8018,-1.5572,6.4456,-1.6664,4.8734,2
1.8848,3.6053,6.2896,2.2688,1.3033,6.2581,-1.7727,-0.16344,2
0.54458,3.0132,4.4413,-0.16144,1.5284,5.3259,-6.2024,0.27259,2
4.2945,3.5557,3.8769,0.90901,0.46416,8.4497,1.8201,2.672,2
2.507,5.322,11.014,-3.4491,2.3891,7.9886,-2.3267,-5.1575,2
3.6005,3.3882,3.7347,5.8353,-0.72889,7.0515,0.38771,2.1547,2
1.6681,8.1297,5.8763,-4.544,3.7193,6.2172,-8.455,-10.806,2
-1.7367,2.8259,-1.6879,-2.5498,-3.1297,3.8389,-6.7366,-3.6301,1
-2.0501,1.6208,1.3602,-3.9363,-4.6241,3.7458,-0.50506,-10.814,1
5.7348,5.439,7.7504,-0.031681,0.71046,6.0924,-6.179,-2.2399,2
0.82291,5.2844,3.9645,-1.5781,0.65311,5.0717,-7.2741,-9.3093,2
3.699,3.1724,1.8781,-2.7283,0.25587,8.2581,-3.0395,-2.4775,2
6.0626,8.6804,8.305,1.0768,1.0029,5.2925,-1.6442,-1.2818,2
-1.4009,1.6316,-4.4194,1.754,1.3238,8.0613,1.8808,-4.2231,2
3.5661,6.2644,-0.68355,2.1602,3.314,5.6519,3.7909,0.19236,2
1.9967,1.4441,4.0493,-0.9671,-3.1051,5.0983,-6.0738,-2.5011,1
